0.51083900
0.97523810
1.41641723
1.85759637
2.29877551
2.73995465
3.18113379
3.62231293
4.06349206
4.50467120
4.94585034
5.38702948
5.82820862
6.26938776
6.71056689
7.15174603
7.59292517
8.03410431
8.47528345
8.91646259
9.35764172
9.79882086
10.24000000
10.68117914
11.12235828
11.56353741
12.00471655
12.44589569
12.88707483
13.32825397
13.76943311
14.21061224
14.62857143
15.06975057
15.51092971
15.95210884
16.39328798
16.83446712
17.27564626
17.71682540
18.15800454
18.59918367
19.04036281
19.48154195
19.92272109
20.36390023
20.80507937
21.24625850
21.68743764
22.12861678
22.56979592
23.01097506
23.45215420
23.89333333
24.33451247
24.77569161
25.21687075
25.65804989
26.09922902
26.54040816
26.98158730
27.42276644
27.86394558
28.30512472
28.74630385
29.18748299
29.62866213
30.06984127
30.51102041
30.95219955
31.39337868
31.83455782
32.27573696
32.71691610
33.15809524
33.59927438
34.04045351
34.48163265
34.92281179
35.36399093
35.80517007
36.24634921
36.68752834
37.12870748
37.56988662
38.01106576
38.45224490
38.89342404
39.33460317
39.77578231
40.21696145
40.65814059
41.09931973
41.54049887
41.98167800
42.42285714
42.86403628
43.32843537
43.76961451
44.21079365
44.65197279
45.09315193
45.53433107
45.97551020
46.41668934
46.85786848
47.29904762
47.74022676
48.18140590
48.62258503
49.04054422
49.48172336
49.92290249
50.36408163
50.80526077
51.26965986
51.71083900
52.15201814
52.59319728
53.03437642
53.47555556
53.91673469
54.35791383
54.79909297
55.24027211
55.65823129
56.09941043
56.54058957
56.98176871
57.42294785
57.86412698
58.30530612
58.74648526
59.18766440
59.62884354
60.07002268
60.51120181
60.95238095
61.39356009
61.83473923
62.27591837
62.71709751
63.18149660
63.62267574
64.06385488
64.48181406
64.92299320
65.36417234
65.80535147
66.24653061
66.68770975
67.12888889
67.57006803
68.01124717
68.47564626
68.89360544
69.33478458
69.77596372
70.21714286
70.65832200
71.09950113
71.54068027
71.98185941
72.42303855
72.86421769
73.30539683
73.74657596
74.18775510
74.62893424
75.07011338
75.51129252
75.95247166
76.39365079
76.83482993
77.27600907
77.71718821
78.15836735
78.59954649
79.04072562
79.48190476
79.92308390
80.36426304
80.80544218
81.24662132
81.68780045
82.12897959
82.57015873
83.01133787
83.45251701
83.89369615
84.33487528
84.77605442
85.21723356
85.65841270
86.09959184
86.56399093
86.98195011
87.42312925
87.86430839
88.30548753
88.74666667
89.18784580
89.62902494
90.07020408
90.51138322
90.95256236
91.39374150
91.83492063
92.27609977
92.71727891
93.15845805
93.59963719
94.04081633
94.48199546
94.94639456
95.36435374
95.80553288
96.24671202
96.68789116
97.12907029
97.57024943
98.01142857
98.45260771
98.89378685
99.33496599
99.77614512
100.21732426
100.65850340
101.09968254
101.54086168
101.98204082
102.42321995
102.86439909
103.30557823
103.74675737
104.18793651
104.62911565
105.07029478
105.51147392
105.95265306
106.39383220
106.83501134
107.27619048
107.71736961
108.15854875
108.59972789
109.04090703
109.48208617
109.92326531
110.36444444
110.80562358
111.24680272
111.68798186
112.12916100
112.57034014
113.01151927
113.45269841
113.89387755
114.33505669
114.77623583
115.21741497
115.65859410
116.09977324
116.54095238
116.98213152
117.42331066
117.86448980
118.30566893
118.74684807
119.18802721
119.65242630
120.07038549
120.51156463
120.95274376
121.41714286
121.83510204
122.27628118
122.71746032
123.15863946
123.59981859
124.04099773
124.48217687
124.92335601
125.36453515
125.80571429
126.24689342
126.71129252
127.15247166
127.59365079
128.03482993
128.45278912
128.89396825
129.33514739
129.77632653
130.21750567
130.65868481
131.09986395
131.54104308
131.98222222
132.42340136
132.86458050
133.30575964
133.74693878
134.18811791
134.62929705
135.07047619
135.51165533
135.95283447
136.39401361
136.83519274
137.27637188
137.71755102
138.15873016
138.59990930
139.04108844
139.48226757
139.92344671
140.36462585
140.80580499
141.24698413
141.68816327
142.12934240
142.57052154
143.01170068
143.45287982
143.89405896
144.33523810
144.77641723
145.21759637
145.65877551
146.09995465
146.54113379
146.98231293
147.42349206
147.86467120
148.30585034
148.74702948
149.18820862
149.62938776
150.07056689
150.51174603
150.95292517
151.39410431
151.83528345
152.27646259
152.71764172
153.15882086
153.60000000
154.04117914
154.48235828
154.92353741
155.36471655
155.80589569
156.24707483
156.68825397
157.12943311
157.57061224
158.01179138
158.45297052
158.89414966
159.33532880
159.77650794
160.21768707
160.65886621
161.10004535
161.54122449
161.98240363
162.42358277
162.86476190
163.30594104
163.74712018
164.18829932
164.62947846
165.07065760
165.51183673
165.95301587
166.39419501
166.83537415
167.27655329
167.71773243
168.15891156
168.60009070
169.04126984
169.48244898
169.92362812
170.36480726
170.80598639
171.24716553
171.68834467
172.12952381
172.57070295
173.01188209
173.45306122
173.89424036
174.33541950
174.77659864
175.21777778
175.65895692
176.10013605
176.54131519
176.98249433
177.42367347
177.86485261
178.30603175
178.74721088
179.18839002
179.62956916
180.07074830
180.51192744
180.95310658
181.39428571
181.83546485
182.27664399
182.71782313
183.15900227
183.60018141
184.04136054
184.48253968
184.92371882
185.36489796
185.80607710
186.24725624
186.68843537
187.12961451
187.57079365
188.01197279
188.45315193
188.89433107
189.33551020
189.77668934
190.21786848
190.65904762
191.10022676
191.54140590
191.98258503
192.42376417
192.86494331
193.30612245
193.74730159
194.18848073
194.62965986
195.07083900
195.51201814
195.95319728
196.39437642
196.83555556
197.27673469
197.71791383
198.15909297
198.60027211
199.04145125
199.48263039
199.92380952
200.36498866
200.80616780
201.24734694
201.68852608
202.12970522
202.57088435
203.01206349
203.45324263
203.89442177
204.33560091
204.77678005
205.21795918
205.65913832
206.10031746
206.54149660
206.98267574
207.42385488
207.86503401
208.30621315
208.74739229
209.18857143
209.62975057
210.07092971
210.51210884
210.95328798
