0.001600
0.006000
0.010400
0.014800
0.019200
0.023600
0.028000
0.032400
0.036800
0.041200
0.045600
0.050100
0.054500
0.058900
0.063300
0.067700
0.072100
0.076500
0.080900
0.085300
0.089700
0.094100
0.098500
0.103000
0.107400
0.111800
0.116200
0.120600
0.125000
0.129400
0.133800
0.138200
0.142600
0.147100
0.151500
0.155900
0.160300
0.164700
0.169100
0.173600
0.178000
0.182400
0.186800
0.191200
0.195600
0.200000
0.204400
0.208900
0.213300
0.217700
0.222100
0.226500
0.230900
0.235300
0.239700
0.244100
0.248500
0.252900
0.257400
0.261800
0.266200
0.270600
0.275000
0.279400
0.283800
0.288200
0.292700
0.297100
0.301500
0.305900
0.310300
0.314700
0.319100
0.323500
0.327900
0.332400
0.336800
0.341200
0.345600
0.350000
0.354400
0.358800
0.363200
0.367600
0.372100
0.376500
0.380900
0.385300
0.389700
0.394100
0.398500
0.402900
0.407400
0.411800
0.416200
0.420600
0.425000
0.429500
0.433900
0.438400
0.442800
0.447100
0.451600
0.456000
0.460400
0.464800
0.469200
0.473600
0.478000
0.482400
0.486800
0.491200
0.495700
0.500100
0.504500
0.508900
0.513300
0.517700
0.522100
0.526500
0.531000
0.535400
0.539900
0.544300
0.548700
0.553000
0.557400
0.561800
0.566200
0.570600
0.575000
0.579400
0.583900
0.588300
0.592700
0.597100
0.601500
0.605900
0.610300
0.614700
0.619200
0.623600
0.628000
0.632400
0.636800
0.641200
0.645600
0.650000
0.654500
0.658900
0.663300
0.667700
0.672100
0.676500
0.680900
0.685300
0.689800
0.694200
0.698600
0.703000
0.707400
0.711800
0.716200
0.720600
0.725000
0.729400
0.733800
0.738200
0.742700
0.747100
0.751500
0.755900
0.760300
0.764700
0.769100
0.773500
0.777900
0.782300
0.786800
0.791200
0.795600
0.800000
0.804400
0.808800
0.813300
0.817700
0.822100
0.826500
0.830900
0.835300
0.839700
0.844100
0.848500
0.853000
0.857500
0.861900
0.866300
0.870700
0.875100
0.879500
0.883900
0.888300
0.892700
0.897100
0.901500
0.905900
0.910300
0.914700
0.919100
0.923500
0.928000
0.932400
0.936800
0.941200
0.945600
0.950000
0.954400
0.958800
0.963300
0.967700
0.972100
0.976500
0.980900
0.985300
0.989700
0.994100
0.998600
1.003000
1.007400
1.011800
1.016200
1.020600
1.025000
1.029400
1.033900
1.038300
1.042700
1.047100
1.051500
1.055900
1.060400
1.064800
1.069200
1.073600
1.078000
1.082400
1.086800
1.091200
1.095600
1.100000
1.104500
1.108900
1.113300
1.117700
1.122100
1.126500
1.130900
1.135300
1.139700
1.144100
1.148600
1.153000
1.157400
1.161800
1.166200
1.170600
1.175000
1.179400
1.183800
1.188200
1.192700
1.197100
1.201500
1.205900
1.210300
1.214700
1.219100
1.223500
1.228000
1.232400
1.236800
1.241200
1.245600
1.250000
1.254400
1.258800
1.263300
1.267700
1.272100
1.276500
1.280900
1.285300
1.289700
1.294100
1.298500
1.302900
1.307400
1.311800
1.316200
1.320600
1.325000
1.329400
1.333800
1.338200
1.342600
1.347000
1.351500
1.355900
1.360300
1.364700
1.369100
1.373500
1.377900
1.382300
1.386700
1.391100
1.395600
1.400000
1.404400
1.408800
1.413200
1.417700
1.422100
1.426500
1.430900
1.435300
1.439700
1.444100
1.448500
1.452900
1.457400
1.461800
1.466200
1.470600
1.475000
1.479400
1.483800
1.488300
1.492700
1.497100
1.501500
1.505900
1.510300
1.514700
1.519100
1.523500
1.527900
1.532300
1.536800
1.541200
1.545600
1.550000
1.554400
1.558800
1.563300
1.567700
1.572100
1.576500
1.580900
1.585300
1.589700
1.594100
1.598500
1.602900
1.607400
1.611800
1.616200
1.620600
1.625000
1.629400
1.633800
1.638200
1.642700
1.647100
1.651500
1.655900
1.660300
1.664700
1.669100
1.673500
1.677900
1.682400
1.686800
1.691200
1.695600
1.700000
1.704400
1.708800
1.713200
1.717700
1.722100
1.726500
1.730900
1.735300
1.739700
1.744100
1.748500
1.752900
1.757400
1.761800
1.766200
1.770600
1.775000
1.779400
1.783800
1.788300
1.792700
1.797100
1.801500
1.805900
1.810300
1.814700
1.819100
1.823600
1.828000
1.832400
1.836800
1.841200
1.845600
1.850000
1.854400
1.858800
1.863300
1.867700
1.872100
1.876500
1.880900
1.885300
1.889700
1.894100
1.898500
1.903000
1.907400
1.911800
1.916200
1.920600
1.925000
1.929400
1.933800
1.938300
1.942700
1.947100
1.951500
1.955900
1.960300
1.964700
1.969100
1.973500
1.977900
1.982400
1.986800
1.991200
1.995600
2.000000
2.004400
2.008800
2.013200
2.017600
2.022100
2.026500
2.030900
2.035300
2.039700
2.044100
2.048500
2.052900
2.057400
2.061800
2.066200
2.070600
2.075000
2.079400
2.083800
2.088200
2.092600
2.097000
2.101500
2.105900
2.110300
2.114700
2.119000
2.123400
2.127800
2.132100
2.136400
2.140700
2.145000
2.149400
2.153700
