0.15
0.6
1.04
1.47
1.92
2.36
2.81
3.25
3.68
4.12
4.57
5.01
5.45
5.89
6.33
6.78
7.21
7.65
8.09
8.54
8.98
9.42
9.86
10.31
10.74
11.18
11.62
12.07
12.51
12.94
13.39
13.83
14.27
14.71
15.15
15.59
16.03
16.48
16.92
17.36
17.8
18.24
18.68
19.12
19.56
20.01
20.45
20.89
21.33
21.77
22.21
22.65
23.09
23.53
23.97
24.41
24.85
25.3
25.74
26.18
26.62
27.06
27.5
27.94
28.38
28.83
29.27
29.71
30.15
30.59
31.03
31.47
31.91
32.35
32.8
33.24
33.68
34.12
34.56
35.0
35.44
35.88
36.33
36.77
37.21
37.65
38.09
38.53
38.97
39.41
39.86
40.3
40.74
41.18
41.62
42.06
42.5
42.96
43.41
43.84
44.28
44.71
45.17
45.6
46.04
46.48
46.92
47.37
47.81
48.25
48.69
49.13
49.59
50.01
50.45
50.89
51.34
51.77
52.22
52.66
53.1
53.55
53.99
54.42
54.85
55.3
55.75
56.18
56.62
57.06
57.51
57.94
58.39
58.83
59.27
59.71
60.15
60.59
61.04
61.47
61.92
62.36
62.8
63.24
63.68
64.12
64.57
65.0
65.45
65.89
66.33
66.77
67.21
67.65
68.09
68.53
68.98
69.41
69.87
70.3
70.74
71.18
71.62
72.06
72.5
72.94
73.39
73.83
74.27
74.71
75.15
75.59
76.03
76.47
76.92
77.36
77.8
78.24
78.68
79.12
79.56
80.0
80.44
80.89
81.33
81.77
82.21
82.65
83.09
83.53
83.97
84.41
84.85
85.3
85.76
86.19
86.62
87.06
87.51
87.94
88.39
88.83
89.27
89.71
90.15
90.59
91.03
91.47
91.92
92.35
92.8
93.24
93.69
94.12
94.56
95.0
95.45
95.88
96.33
96.77
97.21
97.65
98.1
98.54
98.97
99.41
99.86
100.3
100.74
101.18
101.62
102.06
102.5
102.94
103.39
103.83
104.27
104.71
105.15
105.59
106.04
106.47
106.92
107.36
107.8
108.24
108.68
109.12
109.56
110.0
110.45
110.88
111.33
111.77
112.21
112.65
113.1
113.53
113.98
114.42
114.86
115.3
115.74
116.18
116.62
117.06
117.5
117.94
118.39
118.83
119.27
119.71
120.16
120.59
121.04
121.47
121.92
122.36
122.8
123.24
123.68
124.12
124.57
125.0
125.44
125.88
126.33
126.77
127.21
127.65
128.09
128.53
128.97
129.42
129.86
130.3
130.74
131.18
131.62
132.06
132.5
132.94
133.39
133.82
134.27
134.71
135.15
135.59
136.03
136.47
136.92
137.35
137.8
138.24
138.68
139.12
139.56
140.0
140.44
140.88
141.33
141.77
142.21
142.65
143.09
143.53
143.97
144.41
144.85
145.3
145.74
146.18
146.62
147.06
147.5
147.94
148.38
148.83
149.27
149.71
150.15
150.59
151.03
151.47
151.91
152.36
152.8
153.24
153.68
154.12
154.56
155.0
155.44
155.88
156.33
156.77
157.21
157.65
158.09
158.53
158.97
159.42
159.86
160.3
160.74
161.18
161.62
162.06
162.5
162.94
163.39
163.83
164.27
164.71
165.15
165.59
166.03
166.47
166.92
167.36
167.8
168.24
168.68
169.12
169.57
170.01
170.45
170.89
171.33
171.77
172.21
172.65
173.09
173.53
173.97
174.41
174.86
175.3
175.74
176.18
176.62
177.06
177.5
177.94
178.38
178.83
179.27
179.71
180.15
180.59
181.03
181.47
181.92
182.36
182.8
183.24
183.68
184.12
184.56
185.0
185.44
185.89
186.33
186.77
187.21
187.65
188.09
188.53
188.97
189.41
189.86
190.3
190.74
191.18
191.62
192.06
192.5
192.95
193.39
193.83
194.27
194.71
195.15
195.59
196.03
196.47
196.91
197.36
197.8
198.24
198.68
199.12
199.56
200.0
200.44
200.88
201.32
201.77
202.21
202.65
203.09
203.53
203.97
204.41
204.85
205.3
205.74
206.18
206.62
207.06
207.5
207.94
208.38
208.83
209.27
209.71
210.15
210.59
211.03
211.47
211.9
212.34
212.78
213.22
213.66
214.14
214.61
215.06
